 000000 ,1      ,0
 000000 ,2      ,0
 000000 ,3      ,0
 000000 ,4      ,0
 000000 ,5      ,0
 000000 ,6      ,0
 000000 ,2       ,0
 000000 ,1       ,0
 000754 ,5      ,1
 000954 ,5      ,0
 002058 ,4      ,1
 002258 ,4      ,0
 003265 ,3      ,1
 003465 ,3      ,0
 004551 ,2      ,1
 004751 ,2      ,0
 005863 ,1      ,1
 006063 ,1      ,0
 006523 ,6      ,1
 006523 ,5      ,1
 006723 ,5      ,0
 007273 ,4      ,1
 007473 ,4      ,0
 008318 ,3      ,1
 008518 ,3      ,0
 009572 ,2      ,1
 009772 ,2      ,0
 010981 ,1      ,1
 011181 ,1      ,0
 011452 ,6      ,0
 011452 ,5      ,1
 011652 ,5      ,0
 012288 ,4      ,1
 012488 ,4      ,0
 013478 ,3      ,1
 013678 ,3      ,0
 014847 ,2      ,1
 015047 ,2      ,0
 016059 ,1      ,1
 016259 ,1      ,0
 016589 ,6      ,1
 016589 ,5      ,1
 016789 ,5      ,0
 017309 ,4      ,1
 017509 ,4      ,0
 018586 ,3      ,1
 018786 ,3      ,0
 019171 ,2      ,1
 019371 ,2      ,0
 019919 ,1      ,1
 020119 ,1      ,0
 020281 ,3      ,1
 020584 ,4      ,1
 020884 ,5      ,1
 020890 ,3      ,0
 020920 ,4      ,0
 020990 ,5      ,0
 020990 ,3      ,1
 021190 ,2      ,1
 021390 ,1      ,1
 021500 ,6      ,0
 021500 ,6      ,1
 021500 ,3      ,0
 021560 ,2      ,0
 021600 ,1      ,0
 022070 ,6      ,0
 022443 ,6      ,0
 022810 ,6      ,1
 023180 ,6      ,1
 023553 ,6      ,0
 023920 ,6      ,0
 024300 ,6      ,0
 024660 ,6      ,1
 025030 ,6      ,1
 025400 ,6      ,1
 025770 ,6      ,0
 026140 ,6      ,1
 026550 ,6      ,0
 026550 ,6      ,0
 026627 ,5      ,1
 026827 ,5      ,0
 027303 ,4      ,1
 027503 ,4      ,0
 027900 ,3      ,1
 028100 ,3      ,0
 028675 ,2      ,1
 028875 ,2      ,0
 029765 ,1      ,1
 029965 ,1      ,0
 030256 ,3      ,1
 030500 ,4      ,1
 030767 ,5      ,1
 030820 ,3      ,0
 030820 ,4      ,0
 030820 ,5      ,0
 030920 ,3      ,1
 031175 ,2      ,1
 031372 ,1      ,1
 031500 ,3      ,0
 031500 ,2      ,0
 031500 ,1      ,0
 031500 ,1       ,1
 031500 ,6      ,1
 034500 ,3      ,1
 034657 ,4      ,1
 034807 ,5      ,1
 034850 ,3      ,0
 034850 ,4      ,0
 034850 ,5      ,0
 034900 ,3      ,1
 035025 ,2      ,1
 035150 ,1      ,1
 035200 ,1      ,0
 035200 ,2      ,0
 035200 ,3      ,0
 035250 ,1      ,1
 035250 ,5      ,1
 035450 ,2      ,1
 035450 ,4      ,1
 035690 ,3      ,1
 035690 ,1       ,0
 035690 ,6      ,1
 035690 ,6      ,0
 035720 ,1      ,0
 035720 ,2      ,0
 035720 ,3      ,0
 035720 ,4      ,0
 035720 ,5      ,0
 035750 ,3      ,1
 035875 ,4      ,1
 036000 ,5      ,1
 036050 ,3      ,0
 036050 ,4      ,0
 036050 ,5      ,0
 036100 ,3      ,1
 036225 ,2      ,1
 036350 ,1      ,1
 036400 ,1      ,0
 036400 ,2      ,0
 036400 ,3      ,0
 036450 ,1      ,1
 036450 ,5      ,1
 036675 ,2      ,1
 036675 ,4      ,1
 036915 ,3      ,1
 036950 ,6      ,0
 036950 ,2       ,1
 036950 ,6      ,0
 036970 ,1      ,0
 036970 ,2      ,0
 036970 ,3      ,0
 036970 ,4      ,0
 036970 ,5      ,0
 037020 ,3      ,1
 037100 ,4      ,1
 037200 ,5      ,1
 037250 ,3      ,0
 037250 ,4      ,0
 037250 ,5      ,0
 037300 ,3      ,1
 037425 ,2      ,1
 037550 ,1      ,1
 037600 ,1      ,0
 037600 ,2      ,0
 037600 ,3      ,0
 037650 ,1      ,1
 037650 ,5      ,1
 037875 ,2      ,1
 037875 ,4      ,1
 038100 ,3      ,1
 038150 ,6      ,1
 039344 ,2      ,0
 039444 ,3      ,0
 039500 ,6      ,0
 039554 ,2       ,0
 039654 ,1      ,0
 039660 ,6      ,0
 039800 ,4      ,0
 039950 ,5      ,0
 039950 ,6      ,1
 040500 ,6      ,0
 041300 ,6      ,0
 042000 ,6      ,1
 042500 ,6      ,1
 043100 ,6      ,1
 043200 ,6      ,1
 043300 ,6      ,1
 043400 ,6      ,1
 043500 ,6      ,0
 043600 ,6      ,1
 043700 ,6      ,1
 043825 ,6      ,1
 043950 ,6      ,1
 044075 ,6      ,1
 044200 ,6      ,1
 044300 ,6      ,0
 044300 ,2       ,1
 045000 ,3      ,1
 045650 ,2      ,1
 045650 ,3      ,0
 046330 ,2      ,0
 046330 ,4      ,1
 046840 ,4      ,0
 046840 ,1      ,1
 047475 ,1      ,0
 047525 ,2       ,0
 047525 ,6      ,0
 047600 ,6      ,1
 047675 ,6      ,0
 047750 ,6      ,0
 047825 ,6      ,1
 048100 ,5      ,1
 048150 ,4      ,1
 048150 ,5      ,0
 048200 ,3      ,1
 048200 ,4      ,0
 048250 ,2      ,1
 048250 ,3      ,0
 048300 ,1      ,1
 048300 ,2      ,0
 048375 ,2      ,1
 048375 ,1      ,0
 048450 ,3      ,1
 048450 ,2      ,0
 048525 ,4      ,1
 048525 ,3      ,0
 048600 ,5      ,1
 048600 ,4      ,0
 048630 ,1       ,1
 048630 ,5      ,0
 048880 ,6      ,1
 049193 ,2       ,1
 049420 ,6      ,1
 049520 ,6      ,1
 049620 ,6      ,0
 049720 ,6      ,0
 049820 ,6      ,0
 049900 ,6      ,1
 050000 ,6      ,1
 050100 ,6      ,1
 050200 ,6      ,1
 050300 ,6      ,0
 050450 ,6      ,0
 050450 ,2       ,0
 050550 ,6      ,0
 050650 ,6      ,0
 050750 ,6      ,1
 050850 ,6      ,0
 050925 ,6      ,1
 051000 ,6      ,0
 051000 ,1       ,0
 051100 ,6      ,1
 051200 ,6      ,0
 051300 ,6      ,1
 051400 ,6      ,0
 051500 ,6      ,0
 051600 ,6      ,0
 051700 ,6      ,0
 051800 ,6      ,1
 051900 ,6      ,1
 052000 ,6      ,0
 052100 ,6      ,1
 052760 ,2      ,1
 052760 ,4      ,1
 053100 ,1      ,1
 053100 ,3      ,1
 053100 ,5      ,1
 053100 ,2      ,0
 053100 ,4      ,0
 053500 ,6      ,1
 053500 ,1      ,0
 053500 ,3      ,0
 053500 ,5      ,0
 053500 ,6      ,1
 053500 ,6      ,0
 053900 ,2      ,1
 053900 ,4      ,1
 054250 ,1      ,1
 054250 ,3      ,1
 054250 ,5      ,1
 054250 ,2      ,0
 054250 ,4      ,0
 054500 ,2       ,1
 054500 ,1      ,0
 054500 ,3      ,0
 054500 ,5      ,0
 054500 ,6      ,1
 055178 ,2       ,0
 055178 ,2      ,1
 055178 ,4      ,1
 055578 ,1      ,1
 055578 ,3      ,1
 055578 ,5      ,1
 055578 ,2      ,0
 055578 ,4      ,0
 055600 ,1       ,1
 055600 ,1      ,0
 055600 ,3      ,0
 055600 ,5      ,0
 055600 ,6      ,0
 057950 ,1      ,1
 058100 ,2      ,1
 058100 ,1      ,0
 058200 ,3      ,1
 058200 ,2      ,0
 058300 ,4      ,1
 058300 ,3      ,0
 058400 ,5      ,1
 058400 ,4      ,0
 058500 ,4      ,1
 058500 ,5      ,0
 058600 ,3      ,1
 058600 ,4      ,0
 058700 ,2      ,1
 058700 ,3      ,0
 058850 ,1      ,1
 058850 ,2      ,0
 058900 ,2       ,1
 058900 ,1      ,0
 059860 ,2       ,0
 059860 ,1       ,0
 059860 ,6      ,1
 059860 ,6      ,0
 059960 ,6      ,1
 060060 ,6      ,0
 060160 ,6      ,0
 060260 ,6      ,0
 061054 ,6      ,0
 061054 ,2       ,1
 061054 ,6      ,0
 061154 ,6      ,1
 061254 ,6      ,1
 061354 ,6      ,1
 061454 ,6      ,0
 062300 ,2       ,0
 062300 ,1      ,1
 062300 ,2      ,1
 062300 ,3      ,1
 062300 ,4      ,1
 062300 ,5      ,1
 062300 ,6      ,1
 062400 ,6      ,1
 062500 ,6      ,1
 062600 ,6      ,0
 062700 ,6      ,0
 063520 ,3      ,0
 064930 ,5      ,0
 065723 ,2      ,0
 066532 ,1      ,0
 067281 ,4      ,0
 068076 ,6      ,0
 069050 ,6      ,1
 070220 ,6      ,1
 071665 ,6      ,0
 072900 ,6      ,0
 074860 ,3      ,1
 074900 ,2      ,1
 074940 ,4      ,1
 074980 ,1      ,1
 075020 ,5      ,1
 075020 ,6      ,0
 075805 ,6      ,1
 075805 ,6      ,0
 075905 ,6      ,0
 076005 ,6      ,0
 076050 ,1       ,1
 076050 ,6      ,0
 076050 ,6      ,0
 076150 ,6      ,1
 076250 ,6      ,1
 076275 ,2       ,1
 076275 ,1       ,0
 076275 ,6      ,0
 076375 ,6      ,1
 076475 ,6      ,1
 076500 ,1      ,0
 076500 ,2      ,0
 076500 ,3      ,0
 076500 ,4      ,0
 076500 ,5      ,0
 076500 ,6      ,1
 076650 ,3      ,1
 076690 ,2      ,1
 076730 ,4      ,1
 076770 ,5      ,1
 076810 ,1      ,1
 076810 ,6      ,0
 077610 ,6      ,1
 077610 ,6      ,0
 077710 ,6      ,0
 077710 ,6      ,0
 077810 ,6      ,1
 077850 ,2       ,1
 077850 ,6      ,0
 077850 ,6      ,1
 077950 ,6      ,1
 077950 ,6      ,0
 078050 ,6      ,1
 078050 ,1       ,1
 078050 ,2       ,0
 078050 ,6      ,1
 078150 ,6      ,1
 078150 ,6      ,0
 078250 ,6      ,1
 078260 ,3      ,1
 078400 ,4      ,1
 078585 ,5      ,1
 078600 ,3      ,0
 078600 ,4      ,0
 078600 ,5      ,0
 078670 ,3      ,1
 078870 ,2      ,1
 079066 ,1      ,1
 079050 ,1      ,0
 079050 ,2      ,0
 079050 ,3      ,0
 079120 ,3      ,1
 079320 ,4      ,1
 079520 ,5      ,1
 079600 ,3      ,0
 079600 ,4      ,0
 079600 ,5      ,0
 079650 ,3      ,1
 079775 ,2      ,1
 079900 ,1      ,1
 079950 ,1      ,0
 079950 ,2      ,0
 079950 ,3      ,0
 079990 ,3      ,1
 080150 ,4      ,1
 080300 ,5      ,1
 080350 ,3      ,0
 080350 ,4      ,0
 080350 ,5      ,0
 080400 ,3      ,1
 080600 ,2      ,1
 080800 ,1      ,1
 080850 ,1      ,0
 080850 ,2      ,0
 080850 ,3      ,0
 080875 ,3      ,1
 081050 ,4      ,1
 081200 ,5      ,1
 081250 ,3      ,0
 081250 ,4      ,0
 081250 ,5      ,0
 081250 ,6      ,1
 081325 ,6      ,1
 081400 ,6      ,1
 081500 ,6      ,0
 081500 ,1       ,0
 082200 ,6      ,1
 082200 ,6      ,0
 082944 ,6      ,1
 083180 ,6      ,1
 083180 ,6      ,0
 083390 ,6      ,0
 083390 ,6      ,0
 083907 ,6      ,0
 083907 ,1       ,1
 084750 ,6      ,0
 084950 ,6      ,1
 084950 ,6      ,0
 085250 ,6      ,0
 085250 ,6      ,1
 085390 ,2      ,1
 085800 ,2      ,0
 085800 ,4      ,1
 086330 ,4      ,0
 086330 ,1      ,1
 086900 ,1      ,0
 086900 ,3      ,1
 087420 ,3      ,0
 087420 ,5      ,1
 087850 ,5      ,0
 087850 ,3      ,1
 088200 ,3      ,0
 088200 ,2      ,1
 088700 ,2      ,0
 088700 ,4      ,1
 089321 ,4      ,0
 089321 ,1      ,1
 089750 ,1      ,0
 089750 ,5      ,1
 090160 ,5      ,0
 090160 ,3      ,1
 090560 ,3      ,0
 090560 ,4      ,1
 090955 ,4      ,0
 090955 ,1      ,1
 091390 ,1      ,0
 091390 ,4      ,1
 091875 ,4      ,0
 091875 ,2      ,1
 092260 ,2      ,0
 092260 ,5      ,1
 092680 ,5      ,0
 092680 ,3      ,1
 093128 ,3      ,0
 093128 ,1      ,1
 093560 ,1      ,0
 093560 ,4      ,1
 094008 ,4      ,0
 094008 ,2      ,1
 094491 ,2      ,0
 094491 ,5      ,1
 094911 ,5      ,0
 094911 ,3      ,1
 095390 ,3      ,0
 095390 ,1      ,1
 095814 ,1      ,0
 095814 ,4      ,1
 096285 ,4      ,0
 096285 ,2      ,1
 096700 ,2      ,0
 096700 ,5      ,1
 097149 ,5      ,0
 097149 ,3      ,1
 097597 ,3      ,0
 097597 ,4      ,1
 098050 ,4      ,0
 098050 ,1      ,1
 098500 ,1      ,0
 098500 ,2      ,1
 098900 ,2      ,0
 099270 ,1      ,1
 099270 ,3      ,1
 099270 ,5      ,1
 099530 ,2      ,1
 099530 ,4      ,1
 099902 ,1      ,0
 099902 ,2      ,0
 099902 ,3      ,0
 099902 ,4      ,0
 099902 ,5      ,0
 099902 ,1       ,0
 099902 ,6      ,1
 099902 ,6      ,1
 100790 ,6      ,0
 100790 ,2       ,1
 100790 ,6      ,1
 101646 ,2       ,0
 101646 ,1       ,1
 101646 ,6      ,0
 102510 ,1       ,0
 102510 ,6      ,1
 102510 ,6      ,1
 103370 ,6      ,0
 103370 ,2       ,1
 103370 ,6      ,0
 104219 ,2       ,0
 104219 ,1       ,1
 104219 ,6      ,1
 105100 ,5      ,1
 105500 ,4      ,1
 105900 ,3      ,1
 106300 ,2      ,1
 106500 ,1      ,1
 106500 ,6      ,0
 106600 ,6      ,1
 106700 ,6      ,1
 106800 ,6      ,0
 106900 ,6      ,0
 106900 ,1      ,0
 107000 ,2      ,0
 107100 ,3      ,0
 107200 ,4      ,0
 107300 ,5      ,0
 110282 ,6      ,1
 110282 ,2       ,1
 111138 ,6      ,0
 111138 ,1       ,1
 112042 ,2       ,0
 112042 ,6      ,1
 112860 ,2       ,1
 113750 ,6      ,0
 113750 ,2       ,0
 113750 ,1       ,0
 113750 ,3      ,1
 113850 ,2      ,1
 113850 ,4      ,1
 113950 ,1      ,1
 113950 ,5      ,1
 114460 ,6      ,1
 114560 ,6      ,1
 114560 ,6      ,1
 114560 ,1      ,0
 114560 ,2      ,0
 114560 ,3      ,0
 114560 ,4      ,0
 114560 ,5      ,0
 115340 ,6      ,0
 115440 ,6      ,0
 115440 ,6      ,0
 115440 ,1       ,1
 116244 ,6      ,1
 116344 ,6      ,1
 116344 ,1       ,0
 116344 ,2       ,1
 117175 ,2       ,0
 117175 ,3      ,1
 117275 ,2      ,1
 117275 ,4      ,1
 117375 ,1      ,1
 117375 ,5      ,1
 118757 ,6      ,1
 118757 ,6      ,0
 118857 ,6      ,0
 118857 ,6      ,0
 118957 ,6      ,0
 118957 ,6      ,0
 119057 ,6      ,0
 119057 ,6      ,0
 119157 ,6      ,1
 119157 ,6      ,0
 119257 ,6      ,1
 119257 ,6      ,0
 119357 ,6      ,1
 119357 ,6      ,0
 119457 ,6      ,1
 119457 ,6      ,1
 119557 ,6      ,1
 119557 ,6      ,0
 119657 ,6      ,1
 119657 ,6      ,0
 119757 ,6      ,0
 119757 ,6      ,1
 119857 ,6      ,1
 119857 ,6      ,1
 119957 ,6      ,1
 119957 ,6      ,1
 120057 ,6      ,1
 120057 ,6      ,0
 120157 ,6      ,1
 120157 ,6      ,1
 120257 ,6      ,1
 120257 ,6      ,1
 120357 ,6      ,1
 121450 ,1      ,0
 121450 ,5      ,0
 121450 ,2       ,1
 121550 ,2      ,0
 121550 ,4      ,0
 121650 ,3      ,0
 123160 ,6      ,1
 123160 ,2       ,0
 123160 ,6      ,1
 124042 ,1       ,1
 124042 ,6      ,0
 124042 ,6      ,1
 124949 ,1       ,0
 124949 ,2       ,1
 124949 ,6      ,0
 125774 ,2       ,0
 125774 ,6      ,1
 125774 ,6      ,1
 126595 ,6      ,0
 126595 ,1       ,1
 126595 ,6      ,0
 127539 ,1      ,1
 127800 ,3      ,1
 127800 ,1      ,0
 128096 ,5      ,1
 128096 ,3      ,0
 128350 ,2      ,1
 128350 ,5      ,0
 128700 ,4      ,1
 128700 ,2      ,0
 129000 ,1      ,1
 129000 ,4      ,0
 129330 ,3      ,1
 129330 ,1      ,0
 129660 ,5      ,1
 129660 ,3      ,0
 129900 ,4      ,1
 129950 ,3      ,1
 130000 ,2      ,1
 130050 ,1      ,1
 130100 ,6      ,0
 130100 ,6      ,1
 130100 ,5      ,0
 130150 ,5      ,0
 130200 ,4      ,0
 130250 ,3      ,0
 130300 ,2      ,0
 130350 ,1      ,0
 130400 ,5      ,1
 130450 ,4      ,1
 130500 ,3      ,1
 130550 ,2      ,1
 130600 ,1      ,1
 130600 ,6      ,0
 131000 ,6      ,1
 131000 ,1      ,0
 131000 ,2      ,0
 131000 ,3      ,0
 131000 ,4      ,0
 131000 ,5      ,0
 131075 ,5      ,1
 131400 ,3      ,1
 131700 ,1      ,1
 131950 ,5      ,0
 132115 ,3      ,0
 132375 ,1      ,0
 132690 ,4      ,1
 133025 ,2      ,1
 133384 ,5      ,1
 133484 ,3      ,1
 133584 ,1      ,1
 133684 ,5      ,0
 133784 ,4      ,0
 133884 ,3      ,0
 133984 ,2      ,0
 134051 ,1      ,0
 134051 ,1       ,1
 134575 ,5      ,1
 134875 ,3      ,1
 135175 ,1      ,1
 135500 ,5      ,0
 135800 ,3      ,0
 136150 ,1      ,0
 136475 ,4      ,1
 136725 ,2      ,1
 136933 ,4      ,0
 136933 ,3      ,1
 136983 ,2      ,1
 137033 ,4      ,1
 137083 ,1      ,1
 137133 ,5      ,1
 137183 ,3      ,0
 137233 ,2      ,0
 137283 ,4      ,0
 137333 ,1      ,0
 137383 ,5      ,0
 137433 ,3      ,1
 137483 ,2      ,1
 137533 ,4      ,1
 137587 ,1      ,1
 137637 ,5      ,1
 137865 ,6      ,0
 137865 ,1       ,0
 138150 ,5      ,0
 138420 ,3      ,0
 138670 ,1      ,0
 138950 ,4      ,0
 139275 ,2      ,0
 139520 ,5      ,1
 139620 ,4      ,1
 139620 ,5      ,0
 139720 ,3      ,1
 139720 ,4      ,0
 139820 ,2      ,1
 139820 ,3      ,0
 139920 ,1      ,1
 139920 ,2      ,0
 140020 ,2      ,1
 140020 ,1      ,0
 140120 ,3      ,1
 140120 ,2      ,0
 140220 ,4      ,1
 140220 ,3      ,0
 140320 ,5      ,1
 140320 ,4      ,0
 140420 ,4      ,1
 140420 ,5      ,0
 140520 ,3      ,1
 140520 ,4      ,0
 140620 ,2      ,1
 140620 ,3      ,0
 140720 ,1      ,1
 140720 ,2      ,0
 140820 ,2      ,1
 140820 ,1      ,0
 140920 ,3      ,1
 140920 ,2      ,0
 141020 ,4      ,1
 141020 ,3      ,0
 141175 ,4      ,0
 142085 ,6      ,0
 142085 ,3      ,1
 142185 ,3      ,0
 142355 ,3      ,1
 142455 ,3      ,0
 142666 ,3      ,1
 142766 ,3      ,0
 142957 ,6      ,1
 142957 ,2      ,1
 143057 ,2      ,0
 143260 ,2      ,1
 143360 ,2      ,0
 143560 ,2      ,1
 143660 ,2      ,0
 143825 ,6      ,0
 143825 ,3      ,1
 143925 ,3      ,0
 144100 ,3      ,1
 144200 ,3      ,0
 144360 ,3      ,1
 144460 ,3      ,0
 144660 ,6      ,0
 144660 ,4      ,1
 144760 ,4      ,0
 144900 ,4      ,1
 144999 ,4      ,0
 145250 ,4      ,1
 145350 ,4      ,0
 145525 ,6      ,1
 145525 ,5      ,1
 145625 ,5      ,0
 145825 ,5      ,1
 145925 ,5      ,0
 146130 ,5      ,1
 146230 ,5      ,0
 146400 ,6      ,1
 146400 ,4      ,1
 146500 ,4      ,0
 146670 ,4      ,1
 146770 ,4      ,0
 146969 ,4      ,1
 147069 ,4      ,0
 147250 ,6      ,0
 147250 ,3      ,1
 147350 ,3      ,0
 147550 ,3      ,1
 147650 ,3      ,0
 147860 ,3      ,1
 147960 ,3      ,0
 148100 ,6      ,1
 148100 ,2      ,1
 148200 ,2      ,0
 148340 ,2      ,1
 148440 ,2      ,0
 148660 ,2      ,1
 148760 ,2      ,0
 148998 ,6      ,0
 148998 ,5      ,1
 149624 ,4      ,1
 149594 ,3      ,1
 150436 ,2      ,1
 150850 ,1      ,1
 151000 ,6      ,1
 151400 ,1      ,0
 151400 ,2      ,0
 151400 ,3      ,0
 151400 ,4      ,0
 151400 ,5      ,0
 151609 ,5      ,1
 151759 ,4      ,1
 151909 ,3      ,1
 152050 ,2      ,1
 152209 ,1      ,1
 152209 ,6      ,1
 152250 ,6      ,1
 152250 ,6      ,0
 152350 ,6      ,0
 152410 ,1      ,0
 152560 ,2      ,0
 152700 ,3      ,0
 152850 ,4      ,0
 152970 ,5      ,0
 153270 ,5      ,1
 153400 ,4      ,1
 153550 ,3      ,1
 153700 ,2      ,1
 153850 ,1      ,1
 153850 ,6      ,0
 153850 ,2       ,1
 153900 ,6      ,1
 153900 ,6      ,1
 154000 ,6      ,1
 154140 ,1      ,0
 154300 ,2      ,0
 154450 ,3      ,0
 154600 ,4      ,0
 154750 ,5      ,0
 155000 ,5      ,1
 155150 ,4      ,1
 155300 ,3      ,1
 155450 ,2      ,1
 155600 ,1      ,1
 155600 ,2       ,0
 155600 ,1       ,1
 155700 ,6      ,1
 155700 ,6      ,0
 155800 ,6      ,1
 155850 ,1      ,0
 156000 ,2      ,0
 156150 ,3      ,0
 156320 ,4      ,0
 156500 ,5      ,0
 158575 ,1      ,1
 158575 ,2      ,1
 158600 ,6      ,1
 158700 ,6      ,1
 158800 ,6      ,1
 158900 ,6      ,0
 159000 ,1      ,0
 159000 ,2      ,0
 159000 ,4      ,1
 159000 ,5      ,1
 159000 ,6      ,1
 159100 ,6      ,1
 159200 ,6      ,0
 159300 ,6      ,1
 159400 ,4      ,0
 159400 ,5      ,0
 159400 ,1      ,1
 159400 ,2      ,1
 159400 ,6      ,1
 159500 ,6      ,1
 159600 ,6      ,1
 159700 ,6      ,1
 159875 ,1      ,0
 159875 ,2      ,0
 159875 ,4      ,1
 159875 ,5      ,1
 159900 ,6      ,1
 160000 ,6      ,0
 160100 ,6      ,1
 160200 ,6      ,1
 160300 ,4      ,0
 160300 ,5      ,0
 160300 ,1      ,1
 160300 ,2      ,1
 160300 ,6      ,1
 160400 ,6      ,0
 160500 ,6      ,1
 160600 ,6      ,1
 160680 ,1      ,0
 160680 ,2      ,0
 160680 ,4      ,1
 160680 ,5      ,1
 160700 ,6      ,0
 160800 ,6      ,0
 160900 ,6      ,1
 161000 ,6      ,1
 161173 ,4      ,0
 161173 ,5      ,0
 161173 ,1      ,1
 161173 ,2      ,1
 161700 ,1      ,0
 161700 ,2      ,0
 161900 ,2       ,1
 162150 ,6      ,1
 162150 ,1       ,0
 162400 ,1       ,1
 162400 ,6      ,0
 162780 ,6      ,1
 162780 ,2       ,0
 163266 ,2       ,1
 163266 ,1       ,0
 163640 ,1       ,1
 163640 ,6      ,0
 163940 ,6      ,1
 163940 ,2       ,0
 164200 ,2       ,1
 164200 ,1       ,0
 164453 ,1       ,1
 164453 ,6      ,0
 164700 ,6      ,1
 164700 ,2       ,0
 164975 ,2       ,1
 164975 ,1       ,0
 165370 ,1       ,1
 165370 ,6      ,0
 165620 ,6      ,1
 165620 ,2       ,0
 165900 ,2       ,1
 165900 ,1       ,0
 166175 ,1       ,1
 166175 ,6      ,0
 166425 ,6      ,1
 166425 ,2       ,0
 166750 ,2       ,1
 166750 ,1       ,0
 167500 ,2       ,0
 168020 ,1      ,1
 169050 ,3      ,1
 169900 ,5      ,1
 170500 ,1      ,0
 170500 ,3      ,0
 170500 ,5      ,0
 170500 ,6      ,0
 170500 ,6      ,0
 170900 ,6      ,0
 171000 ,6      ,1
 171100 ,6      ,0
 171200 ,6      ,0
 171300 ,6      ,0
 171385 ,1       ,1
 171585 ,1       ,0
 171800 ,6      ,1
 171900 ,6      ,1
 172000 ,6      ,0
 172100 ,6      ,1
 172200 ,6      ,1
 172250 ,2       ,1
 172450 ,2       ,0
 172500 ,6      ,0
 172600 ,6      ,0
 172700 ,6      ,0
 172800 ,6      ,0
 172900 ,6      ,1
 173000 ,6      ,1
 173200 ,6      ,0
 173400 ,6      ,0
 173500 ,6      ,1
 173600 ,6      ,0
 173700 ,6      ,1
 173800 ,6      ,1
 173900 ,1       ,1
 174100 ,1       ,0
 174400 ,6      ,0
 174500 ,6      ,1
 174600 ,6      ,1
 174700 ,6      ,0
 174800 ,6      ,0
 174823 ,2       ,1
 175023 ,2       ,0
 175680 ,6      ,1
 175880 ,6      ,0
 179100 ,1       ,1
 179570 ,1      ,1
 179570 ,2      ,1
 179570 ,3      ,1
 179570 ,4      ,1
 179570 ,5      ,1
 179630 ,1      ,0
 179630 ,2      ,0
 179630 ,3      ,0
 179630 ,4      ,0
 179630 ,5      ,0
 179700 ,1      ,1
 179700 ,2      ,1
 179700 ,3      ,1
 179700 ,4      ,1
 179700 ,5      ,1
 179800 ,1      ,0
 179800 ,2      ,0
 179800 ,3      ,0
 179800 ,4      ,0
 179800 ,5      ,0
 179880 ,1      ,1
 179880 ,2      ,1
 179880 ,3      ,1
 179880 ,4      ,1
 179880 ,5      ,1
 180000 ,1      ,0
 180000 ,2      ,0
 180000 ,3      ,0
 180000 ,4      ,0
 180000 ,5      ,0
 180000 ,2       ,1
 180000 ,6      ,0
 180450 ,6      ,0
 180800 ,1       ,1
 181300 ,6      ,1
 181950 ,5      ,1
 182000 ,1      ,1
 182050 ,4      ,1
 182000 ,2      ,1
 182050 ,3      ,1
 182050 ,5      ,0
 182050 ,1      ,0
 182100 ,2      ,1
 182150 ,4      ,1
 182150 ,3      ,0
 182200 ,1      ,1
 182250 ,5      ,1
 182250 ,2      ,0
 182300 ,4      ,0
 182350 ,5      ,0
 182400 ,1      ,0
 182450 ,6      ,0
 182500 ,2       ,0
 182550 ,1       ,0
 183000 ,2       ,1
 183177 ,1       ,1
 183320 ,6      ,1
 183420 ,1      ,1
 183420 ,5      ,1
 183520 ,2      ,1
 183520 ,4      ,1
 183520 ,1      ,0
 183520 ,5      ,0
 183600 ,3      ,1
 183700 ,3      ,0
 183820 ,1      ,1
 183820 ,5      ,1
 183920 ,2      ,1
 183920 ,4      ,1
 183920 ,1      ,0
 183920 ,5      ,0
 184000 ,3      ,1
 184100 ,3      ,0
 184100 ,2       ,0
 184220 ,1      ,1
 184220 ,5      ,1
 184320 ,2      ,1
 184320 ,4      ,1
 184320 ,1      ,0
 184320 ,5      ,0
 184400 ,3      ,1
 184500 ,3      ,0
 184500 ,6      ,0
 184650 ,1      ,1
 184650 ,5      ,1
 184750 ,2      ,1
 184750 ,4      ,1
 184750 ,1      ,0
 184750 ,5      ,0
 184820 ,3      ,1
 184920 ,3      ,0
 184920 ,1       ,0
 185120 ,3      ,1
 185270 ,2      ,1
 185270 ,4      ,1
 185400 ,1      ,1
 185400 ,5      ,1
 185500 ,6      ,1
 185700 ,1       ,1
 185900 ,2       ,1
 185950 ,6      ,0
 186050 ,6      ,1
 186150 ,6      ,1
 186250 ,6      ,0
 186350 ,6      ,0
 186450 ,6      ,1
 186550 ,6      ,1
 186650 ,6      ,1
 186750 ,6      ,0
 186850 ,6      ,0
 186950 ,6      ,0
 188000 ,2      ,0
 188100 ,6      ,0
 188200 ,4      ,0
 188300 ,2       ,0
 188400 ,1      ,0
 188500 ,1       ,0
 188600 ,5      ,0
 188800 ,3      ,0
 189400 ,3      ,1
 189500 ,2      ,1
 189500 ,4      ,1
 189600 ,5      ,1
 189600 ,1      ,1
 189600 ,6      ,1
 189700 ,3      ,0
 189800 ,2      ,0
 189800 ,4      ,0
 189900 ,5      ,0
 189900 ,1      ,0
 189900 ,6      ,1
 190000 ,6      ,0
 190000 ,6      ,1
 190195 ,6      ,0
 190195 ,6      ,1
 190350 ,2      ,1
 190350 ,4      ,1
 190770 ,2       ,1
 191192 ,1       ,1
 191625 ,6      ,1
 192048 ,1      ,1
 192148 ,3      ,1
 192248 ,5      ,1
 193100 ,6      ,0
 193100 ,2       ,0
 193100 ,1       ,0
 194375 ,2      ,0
 195728 ,4      ,0
 198400 ,1      ,0
 200100 ,5      ,0
 201050 ,3      ,0
 201400 ,6      ,0
 201400 ,3      ,1
 201700 ,3      ,0
 202300 ,6      ,1
 202330 ,2      ,1
 202630 ,2      ,0
 202900 ,6      ,1
 202930 ,4      ,1
 203230 ,4      ,0
 203600 ,6      ,1
 203675 ,3      ,1
 203975 ,3      ,0
 204000 ,6      ,1
 207260 ,1       ,1
 208331 ,1       ,0
 208700 ,1       ,1
 209400 ,1       ,0
 210300 ,6      ,0
 211400 ,6      ,1
 211500 ,6      ,0
 211600 ,6      ,0
 211680 ,6      ,1
 212300 ,6      ,0
 213500 ,6      ,0
 213600 ,6      ,0
 213700 ,6      ,1
 213800 ,6      ,1
 216400 ,6      ,0
 216500 ,6      ,0
 216600 ,6      ,1
 216700 ,6      ,1
 216800 ,6      ,1
 216900 ,6      ,0
 217000 ,6      ,1
 217200 ,6      ,1
 217200 ,6      ,1
 217300 ,6      ,1
 217300 ,6      ,1
 217400 ,6      ,1
 217400 ,6      ,1
 217500 ,6      ,0
 217500 ,6      ,1
 217600 ,6      ,1
 217600 ,6      ,1
 217700 ,6      ,0
 217700 ,6      ,0
 217800 ,6      ,0
 217900 ,6      ,1
 217900 ,2       ,1
 217900 ,1       ,1
 218800 ,3      ,1
 218850 ,2      ,1
 218900 ,1      ,1
 218950 ,3      ,0
 219000 ,2      ,0
 219050 ,1      ,0
 219050 ,3      ,1
 219100 ,4      ,1
 219150 ,5      ,1
 219200 ,3      ,0
 219250 ,4      ,0
 219300 ,5      ,0
 219300 ,3      ,1
 219350 ,2      ,1
 219350 ,4      ,1
 219400 ,1      ,1
 219400 ,5      ,1
 219500 ,1      ,0
 219500 ,2      ,0
 219500 ,3      ,0
 219500 ,4      ,0
 219500 ,5      ,0
 219500 ,6      ,0
 219500 ,2       ,0
 219500 ,1       ,0
 219800 ,6      ,1
 219800 ,2       ,1
 219800 ,1       ,1
 220550 ,1      ,1
 220600 ,2      ,1
 220650 ,3      ,1
 220700 ,1      ,0
 220750 ,2      ,0
 220800 ,3      ,0
 220800 ,5      ,1
 220850 ,4      ,1
 220900 ,3      ,1
 220950 ,5      ,0
 221000 ,4      ,0
 221050 ,3      ,0
 221050 ,1      ,1
 221050 ,5      ,1
 221100 ,2      ,1
 221100 ,4      ,1
 221150 ,3      ,1
 221300 ,1      ,0
 221300 ,2      ,0
 221300 ,3      ,0
 221300 ,4      ,0
 221300 ,5      ,0
 221300 ,6      ,0
 221300 ,2       ,0
 221300 ,1       ,0
 221670 ,1      ,1
 221770 ,2      ,1
 221870 ,3      ,1
 221970 ,4      ,1
 222070 ,5      ,1
 222120 ,1      ,0
 222120 ,2      ,0
 222120 ,3      ,0
 222120 ,4      ,0
 222120 ,5      ,0
 222170 ,5      ,1
 222270 ,4      ,1
 222370 ,3      ,1
 222470 ,2      ,1
 222570 ,1      ,1
 222620 ,1      ,0
 222620 ,2      ,0
 222620 ,3      ,0
 222620 ,4      ,0
 222620 ,5      ,0
 222670 ,3      ,1
 222760 ,2      ,1
 222850 ,5      ,1
 222940 ,1      ,1
 223030 ,4      ,1
 223080 ,1      ,0
 223080 ,2      ,0
 223080 ,3      ,0
 223080 ,4      ,0
 223080 ,5      ,0
 223120 ,5      ,1
 223220 ,1      ,1
 223320 ,4      ,1
 223420 ,2      ,1
 223520 ,3      ,1
 223570 ,1      ,0
 223570 ,2      ,0
 223570 ,3      ,0
 223570 ,4      ,0
 223570 ,5      ,0
 223600 ,2      ,1
 223650 ,4      ,1
 223700 ,3      ,1
 223750 ,5      ,1
 223800 ,1      ,1
 224000 ,1      ,0
 224000 ,2      ,0
 224000 ,3      ,0
 224000 ,4      ,0
 224000 ,5      ,0
 224150 ,5      ,1
 224200 ,3      ,1
 224250 ,4      ,1
 224250 ,5      ,0
 224300 ,2      ,1
 224300 ,3      ,0
 224350 ,3      ,1
 224350 ,4      ,0
 224400 ,1      ,1
 224400 ,2      ,0
 224450 ,2      ,1
 224450 ,3      ,0
 224500 ,5      ,1
 224500 ,1      ,0
 224550 ,1      ,1
 224550 ,2      ,0
 224600 ,4      ,1
 224600 ,5      ,0
 224650 ,5      ,1
 224650 ,1      ,0
 224700 ,3      ,1
 224700 ,4      ,0
 224750 ,4      ,1
 224750 ,5      ,0
 224800 ,2      ,1
 224800 ,3      ,0
 224850 ,3      ,1
 224850 ,4      ,0
 224900 ,1      ,1
 224900 ,2      ,0
 224950 ,2      ,1
 224950 ,3      ,0
 225000 ,5      ,1
 225000 ,1      ,0
 225050 ,1      ,1
 225050 ,2      ,0
 225100 ,5      ,0
 225100 ,1      ,0
 225150 ,6      ,1
 225350 ,1       ,1
 225550 ,2       ,1
 225975 ,1      ,1
 225975 ,5      ,1
 226200 ,3      ,1
 226400 ,2      ,1
 226400 ,4      ,1
 226600 ,6      ,0
 226600 ,2       ,0
 226600 ,1       ,0
 226800 ,1      ,0
 226800 ,2      ,0
 226800 ,3      ,0
 226800 ,4      ,0
 226800 ,5      ,0
 226900 ,2       ,1
 227050 ,1       ,1
 227050 ,2       ,0
 227150 ,2       ,1
 227150 ,1       ,0
 227250 ,1       ,1
 227250 ,2       ,0
 227350 ,2       ,1
 227350 ,1       ,0
 227450 ,1       ,1
 227450 ,2       ,0
 227550 ,2       ,1
 227550 ,1       ,0
 227650 ,1       ,1
 227650 ,2       ,1
 227750 ,1      ,1
 227750 ,3      ,1
 228010 ,2      ,1
 228010 ,4      ,1
 228210 ,5      ,1
 228416 ,1      ,0
 228416 ,2      ,0
 228416 ,3      ,0
 228416 ,4      ,0
 228416 ,5      ,0
 228416 ,6      ,0
 228416 ,2       ,0
 228416 ,1       ,0
 228450 ,3      ,1
 228675 ,2      ,1
 228675 ,4      ,1
 228875 ,1      ,1
 228875 ,5      ,1
 229000 ,1      ,0
 229000 ,5      ,0
 229100 ,2      ,0
 229100 ,4      ,0
 229200 ,3      ,0
 229300 ,3      ,1
 229520 ,2      ,1
 229520 ,4      ,1
 229750 ,1      ,1
 229750 ,5      ,1
 229850 ,5      ,0
 229850 ,1      ,0
 230000 ,2      ,0
 230000 ,4      ,0
 230175 ,3      ,0
 230400 ,3      ,1
 230600 ,2      ,1
 230600 ,4      ,1
 230800 ,1      ,1
 230800 ,5      ,1
 230900 ,5      ,0
 230900 ,1      ,0
 231050 ,2      ,0
 231050 ,4      ,0
 231200 ,3      ,0
 231500 ,6      ,1
 231500 ,1       ,1
 231950 ,6      ,0
 231950 ,1       ,0
 231999 ,6      ,0
 235800 ,1      ,1
 235900 ,1      ,0
 236000 ,2      ,1
 236100 ,2      ,0
 236200 ,3      ,1
 236300 ,3      ,0
 236400 ,4      ,1
 236500 ,4      ,0
 236600 ,5      ,1
 236700 ,5      ,0
 236800 ,4      ,1
 236900 ,4      ,0
 237000 ,3      ,1
 237100 ,3      ,0
 237200 ,2      ,1
 237300 ,2      ,0
 237400 ,1      ,1
 237500 ,1      ,0
 237600 ,2      ,1
 237700 ,2      ,0
 237800 ,3      ,1
 237900 ,3      ,0
 238000 ,4      ,1
 238100 ,4      ,0
 238200 ,5      ,1
 238300 ,5      ,0
 238400 ,4      ,1
 238500 ,4      ,0
 238600 ,3      ,1
 238700 ,3      ,0
 238800 ,2      ,1
 238900 ,2      ,0
 239400 ,6      ,0
 239400 ,2       ,1
 241300 ,1       ,1
 241300 ,2       ,0
 241300 ,6      ,1
 243000 ,1       ,0
 243000 ,6      ,1
 243000 ,6      ,0
 244300 ,3      ,1
 244400 ,2      ,1
 244400 ,3      ,0
 244500 ,1      ,1
 244500 ,2      ,0
 244600 ,3      ,1
 244600 ,1      ,0
 244700 ,4      ,1
 244700 ,3      ,0
 244800 ,5      ,1
 244800 ,4      ,0
 244900 ,3      ,1
 244900 ,5      ,0
 245000 ,2      ,1
 245000 ,3      ,0
 245100 ,1      ,1
 245100 ,2      ,0
 245200 ,3      ,1
 245200 ,1      ,0
 245300 ,4      ,1
 245300 ,3      ,0
 245400 ,5      ,1
 245400 ,4      ,0
 245500 ,3      ,1
 245500 ,5      ,0
 245600 ,2      ,1
 245600 ,3      ,0
 245700 ,1      ,1
 245700 ,2      ,0
 245800 ,1      ,0
 245800 ,6      ,0
 246300 ,2       ,1
 246450 ,1       ,1
 246650 ,1       ,0
 246650 ,2       ,0
 248400 ,6      ,0
 248400 ,2       ,0
 248400 ,1       ,0
 248500 ,5      ,0
 248600 ,4      ,0
 248700 ,3      ,0
 248800 ,2      ,0
 248900 ,1      ,0
 249016 ,6      ,1
 249416 ,6      ,0
 250050 ,2       ,1
 250450 ,2       ,0
 251025 ,1       ,1
 251425 ,1       ,0
 251896 ,6      ,1
 252360 ,2       ,1
 252750 ,1       ,1
 253250 ,6      ,0
 253250 ,2       ,0
 253250 ,1       ,0
 253600 ,1      ,1
 253650 ,2      ,1
 253700 ,3      ,1
 253750 ,4      ,1
 253800 ,5      ,1
 253900 ,6      ,1
 254000 ,6      ,1
 254100 ,6      ,1
 254200 ,6      ,0
 254300 ,6      ,1
 254400 ,6      ,1
 254500 ,6      ,1
 254560 ,2       ,1
 254860 ,6      ,1
 255100 ,1       ,1
 255400 ,1      ,0
 255400 ,2      ,0
 255400 ,3      ,0
 255400 ,4      ,0
 255400 ,5      ,0
 255400 ,6      ,0
 255400 ,2       ,0
 255400 ,1       ,0
 255400 ,6      ,1
 255550 ,3      ,1
 255600 ,2      ,1
 255600 ,4      ,1
 255700 ,1      ,1
 255700 ,5      ,1
 256350 ,6      ,1
 256350 ,6      ,0
 256650 ,1       ,1
 256550 ,6      ,0
 256550 ,6      ,1
 256900 ,2       ,1
 256900 ,6      ,0
 256900 ,6      ,1
 257600 ,1      ,0
 258160 ,3      ,0
 258650 ,5      ,0
 259150 ,6      ,0
 259610 ,1       ,0
 260020 ,2      ,0
 260370 ,4      ,0
 260370 ,2       ,0
 260370 ,6      ,0
 260850 ,6      ,1
 260900 ,6      ,1
 261000 ,6      ,1
 261150 ,6      ,1
 261690 ,3      ,1
 262190 ,2      ,1
 262190 ,3      ,0
 262190 ,4      ,1
 262250 ,1      ,1
 262250 ,5      ,1
 262250 ,2      ,0
 262250 ,4      ,0
 262550 ,1      ,0
 262550 ,5      ,0
 262650 ,6      ,0
 262650 ,2       ,1
 262650 ,6      ,0
 263500 ,3      ,1
 263750 ,2      ,1
 263750 ,3      ,0
 263750 ,4      ,1
 264050 ,1      ,1
 264050 ,5      ,1
 264050 ,2      ,0
 264050 ,4      ,0
 264250 ,1      ,0
 264250 ,5      ,0
 264680 ,6      ,1
 264680 ,6      ,1
 264680 ,2       ,0
 265120 ,1       ,1
 265120 ,6      ,0
 265550 ,2       ,1
 265550 ,1       ,0
 266120 ,6      ,1
 266650 ,6      ,0
 266650 ,2       ,1
 267200 ,1       ,1
 267200 ,2       ,0
 268090 ,6      ,1
 268090 ,1       ,0
 268600 ,6      ,0
 268600 ,2       ,1
 269700 ,1      ,1
 269750 ,2      ,1
 269800 ,3      ,1
 269850 ,4      ,1
 269900 ,5      ,1
 269900 ,1       ,1
 269950 ,1      ,0
 270000 ,2      ,0
 270050 ,3      ,0
 270100 ,4      ,0
 270150 ,5      ,0
 271450 ,1      ,1
 271500 ,2      ,1
 271550 ,3      ,1
 271600 ,4      ,1
 271650 ,5      ,1
 271650 ,6      ,1
 271700 ,1      ,0
 271750 ,2      ,0
 271800 ,3      ,0
 271850 ,4      ,0
 271900 ,5      ,0
 273350 ,5      ,1
 273400 ,4      ,1
 273450 ,3      ,1
 273500 ,2      ,1
 273550 ,1      ,1
 273550 ,1       ,1
 273600 ,5      ,0
 273650 ,4      ,0
 273700 ,3      ,0
 273750 ,2      ,0
 273800 ,1      ,0
 275100 ,5      ,1
 275200 ,4      ,1
 275300 ,3      ,1
 275400 ,2      ,1
 275450 ,1      ,1
 275500 ,1      ,0
 275600 ,2      ,0
 275700 ,3      ,0
 275800 ,4      ,0
 275900 ,5      ,0
 275950 ,1      ,1
 276000 ,2      ,1
 276075 ,3      ,1
 276150 ,4      ,1
 276225 ,5      ,1
 276300 ,5      ,0
 276375 ,4      ,0
 276450 ,3      ,0
 276525 ,2      ,0
 276600 ,1      ,0
 276700 ,3      ,1
 276800 ,2      ,1
 276900 ,4      ,1
 277000 ,1      ,1
 277100 ,5      ,1
 277100 ,6      ,0
 277100 ,2       ,0
 277100 ,1       ,0
 277100 ,6      ,0
 277200 ,3      ,0
 277300 ,2      ,0
 277400 ,4      ,0
 277500 ,1      ,0
 277500 ,5      ,0
 277600 ,6      ,1
 277675 ,6      ,0
 277675 ,6      ,1
 277750 ,6      ,1
 277750 ,6      ,0
 277825 ,6      ,1
 277825 ,6      ,1
 277900 ,6      ,0
 277900 ,6      ,1
 278000 ,6      ,1
 278000 ,2       ,1
 278050 ,4       ,1
 278100 ,2       ,1
 278150 ,5       ,1
 278200 ,6       ,1
 278250 ,1       ,1
 278300 ,3       ,1
 278350 ,1       ,1
 278700 ,1       ,0
 278700 ,2       ,0
 278700 ,3       ,0
 278700 ,4       ,0
 278700 ,5       ,0
 278700 ,6       ,0
 278700 ,2       ,0
 278700 ,1       ,0
 278800 ,6      ,1
 278900 ,6      ,1
 279000 ,6      ,0
 279100 ,6      ,0
 279200 ,6      ,0
 279300 ,6      ,0
 279400 ,6      ,0
 279500 ,6      ,0
 279600 ,6      ,0
 279700 ,6      ,1
 279800 ,6      ,0